{
 "cells": [
  {
   "cell_type": "code",
   "execution_count": 30,
   "outputs": [
    {
     "data": {
      "text/plain": "array([[[-0.79787121, -1.22550046,  1.32132378, -0.06994837],\n        [ 1.23715659, -1.29930305, -1.02240395,  0.77835968],\n        [ 0.10237313, -0.00953213,  0.56100918, -0.26465962],\n        [ 0.4451162 , -0.83791557, -0.30005182, -0.44863193],\n        [-0.77488657,  0.96933936, -0.66894292,  1.50706651],\n        [-0.08954371,  0.65777487,  1.38247974, -0.05551375],\n        [-0.46659691,  0.11357909, -0.35726285,  0.68499498]],\n\n       [[-0.33985143,  0.77683387, -0.0096903 , -1.21962556],\n        [-0.38163813,  0.01426507, -0.90866111, -0.14158552],\n        [-2.14127764, -0.88177151, -0.7590023 ,  0.1010933 ],\n        [-0.15761354,  0.21028025, -1.20753647, -0.7934225 ],\n        [-0.63705889, -1.09199574, -1.5096076 ,  1.4479186 ],\n        [ 1.07620925, -0.52368338,  0.66218968,  2.0336286 ],\n        [ 0.92763741, -0.76108308,  0.45799072, -0.40470153]],\n\n       [[-1.04243654, -0.35846992,  0.17626558, -0.3736113 ],\n        [ 0.09941122, -1.22436771, -0.89157805, -1.21127537],\n        [-0.80940328, -1.00884555, -0.54781836, -0.91999997],\n        [ 0.63887338,  0.76462921, -0.8431167 , -0.15799468],\n        [ 0.31926508, -1.57119265,  1.33808725, -0.40464091],\n        [-0.19927796, -0.00369045, -0.74042169, -0.28425354],\n        [ 0.1880086 , -0.15256546, -0.43028768,  0.2995431 ]],\n\n       [[ 0.010559  , -0.28418815,  0.6351871 , -0.15980465],\n        [-1.48878503,  0.56962186,  1.51356976, -0.91947793],\n        [ 1.417015  ,  0.43347008,  0.89819579, -0.39432443],\n        [-1.50713084,  1.89962028, -0.89115002, -0.86590446],\n        [-0.75427845,  0.03631964, -2.00992843,  0.58585339],\n        [ 0.27692437,  0.98294233, -0.90606528, -0.95473817],\n        [-0.14566278,  0.12151433,  0.5915058 , -0.75589934]],\n\n       [[-0.79932373,  1.13146061, -0.6519711 ,  0.86642564],\n        [-0.27059619, -0.7736777 ,  0.00726883,  0.541866  ],\n        [-1.20198218, -1.37054191, -0.78399187, -1.53053725],\n        [ 0.78535766, -0.17600868, -1.28534338, -1.52446094],\n        [-0.61459051, -2.00109654,  0.81079402,  0.75462706],\n        [ 1.25412948,  1.28321339,  1.02003891,  1.34659099],\n        [-1.16291342,  0.54809801,  0.41092312,  0.40514547]]])"
     },
     "execution_count": 30,
     "metadata": {},
     "output_type": "execute_result"
    }
   ],
   "source": [
    "import  numpy as np\n",
    "\n",
    "arr_mul = np.random.randn(5, 7, 4)\n",
    "arr_mul"
   ],
   "metadata": {
    "pycharm": {
     "metadata": false,
     "name": "#%%\n"
    }
   }
  },
  {
   "cell_type": "code",
   "execution_count": 31,
   "outputs": [
    {
     "data": {
      "text/plain": "-1.2993030504185377"
     },
     "execution_count": 31,
     "metadata": {},
     "output_type": "execute_result"
    }
   ],
   "source": [
    "arr_mul[0, 1, 1]  # 索引标量数值"
   ],
   "metadata": {
    "collapsed": false,
    "pycharm": {
     "name": "#%%\n"
    }
   }
  },
  {
   "cell_type": "code",
   "execution_count": 32,
   "outputs": [
    {
     "data": {
      "text/plain": "array([[-0.79787121, -1.22550046,  1.32132378, -0.06994837],\n       [ 1.23715659, -1.29930305, -1.02240395,  0.77835968],\n       [ 0.10237313, -0.00953213,  0.56100918, -0.26465962],\n       [ 0.4451162 , -0.83791557, -0.30005182, -0.44863193],\n       [-0.77488657,  0.96933936, -0.66894292,  1.50706651],\n       [-0.08954371,  0.65777487,  1.38247974, -0.05551375],\n       [-0.46659691,  0.11357909, -0.35726285,  0.68499498]])"
     },
     "execution_count": 32,
     "metadata": {},
     "output_type": "execute_result"
    }
   ],
   "source": [
    "arr_mul[0]  # 从第零个维度开始索引/切片(DataFrame从列开始进行索引切片)"
   ],
   "metadata": {
    "pycharm": {
     "metadata": false,
     "name": "#%%\n"
    }
   }
  },
  {
   "cell_type": "code",
   "execution_count": 33,
   "outputs": [
    {
     "data": {
      "text/plain": "-0.06994836948302083"
     },
     "execution_count": 33,
     "metadata": {},
     "output_type": "execute_result"
    }
   ],
   "source": [
    "arr_mul[0, 0, -1]  # 索引,若为标量则返回具体数值(且支持负数索引)"
   ],
   "metadata": {
    "collapsed": false,
    "pycharm": {
     "name": "#%%\n"
    }
   }
  },
  {
   "cell_type": "code",
   "execution_count": 34,
   "outputs": [
    {
     "data": {
      "text/plain": "array([[[-0.79787121, -1.22550046,  1.32132378, -0.06994837],\n        [ 1.23715659, -1.29930305, -1.02240395,  0.77835968],\n        [ 0.10237313, -0.00953213,  0.56100918, -0.26465962],\n        [ 0.4451162 , -0.83791557, -0.30005182, -0.44863193],\n        [-0.77488657,  0.96933936, -0.66894292,  1.50706651],\n        [-0.08954371,  0.65777487,  1.38247974, -0.05551375],\n        [-0.46659691,  0.11357909, -0.35726285,  0.68499498]],\n\n       [[-0.33985143,  0.77683387, -0.0096903 , -1.21962556],\n        [-0.38163813,  0.01426507, -0.90866111, -0.14158552],\n        [-2.14127764, -0.88177151, -0.7590023 ,  0.1010933 ],\n        [-0.15761354,  0.21028025, -1.20753647, -0.7934225 ],\n        [-0.63705889, -1.09199574, -1.5096076 ,  1.4479186 ],\n        [ 1.07620925, -0.52368338,  0.66218968,  2.0336286 ],\n        [ 0.92763741, -0.76108308,  0.45799072, -0.40470153]]])"
     },
     "execution_count": 34,
     "metadata": {},
     "output_type": "execute_result"
    }
   ],
   "source": [
    "arr_mul[0:2]  # 切片,返回array"
   ],
   "metadata": {
    "collapsed": false,
    "pycharm": {
     "name": "#%%\n"
    }
   }
  },
  {
   "cell_type": "code",
   "execution_count": 35,
   "outputs": [
    {
     "data": {
      "text/plain": "array([[-0.79787121,  1.23715659,  0.10237313],\n       [-0.33985143, -0.38163813, -2.14127764]])"
     },
     "execution_count": 35,
     "metadata": {},
     "output_type": "execute_result"
    }
   ],
   "source": [
    "arr_mul[0:2, 0:3, 0]  # 在多个维度上索引/切片"
   ],
   "metadata": {
    "collapsed": false,
    "pycharm": {
     "name": "#%%\n"
    }
   }
  },
  {
   "cell_type": "code",
   "execution_count": 36,
   "outputs": [
    {
     "data": {
      "text/plain": "array([[ 1.32132378,  0.56100918, -0.66894292],\n       [-0.0096903 , -0.7590023 , -1.5096076 ]])"
     },
     "execution_count": 36,
     "metadata": {},
     "output_type": "execute_result"
    }
   ],
   "source": [
    "arr_mul[0:2, 0:6:2, 2]  # 第一个维度上的切片步长为2(最后一步若小于步长,则丢弃),切片范围为0-6"
   ],
   "metadata": {
    "collapsed": false,
    "pycharm": {
     "name": "#%%\n"
    }
   }
  },
  {
   "cell_type": "code",
   "execution_count": 37,
   "outputs": [
    {
     "data": {
      "text/plain": "array([[-0.35726285,  1.38247974, -0.66894292, -0.30005182,  0.56100918,\n        -1.02240395],\n       [ 0.45799072,  0.66218968, -1.5096076 , -1.20753647, -0.7590023 ,\n        -0.90866111]])"
     },
     "execution_count": 37,
     "metadata": {},
     "output_type": "execute_result"
    }
   ],
   "source": [
    "arr_mul[0:2, -1:0:-1, 2]  # 支持切片步长为负数"
   ],
   "metadata": {
    "collapsed": false,
    "pycharm": {
     "name": "#%%\n"
    }
   }
  },
  {
   "cell_type": "code",
   "execution_count": 38,
   "outputs": [
    {
     "data": {
      "text/plain": "array([[[-0.79787121, -1.22550046,  1.32132378, -0.06994837],\n        [ 1.23715659, -1.29930305, -1.02240395,  0.77835968],\n        [ 0.10237313, -0.00953213,  0.56100918, -0.26465962],\n        [ 0.4451162 , -0.83791557, -0.30005182, -0.44863193],\n        [-0.77488657,  0.96933936, -0.66894292,  1.50706651],\n        [-0.08954371,  0.65777487,  1.38247974, -0.05551375],\n        [-0.46659691,  0.11357909, -0.35726285,  0.68499498]],\n\n       [[-0.33985143,  0.77683387, -0.0096903 , -1.21962556],\n        [-0.38163813,  0.01426507, -0.90866111, -0.14158552],\n        [-2.14127764, -0.88177151, -0.7590023 ,  0.1010933 ],\n        [-0.15761354,  0.21028025, -1.20753647, -0.7934225 ],\n        [-0.63705889, -1.09199574, -1.5096076 ,  1.4479186 ],\n        [ 1.07620925, -0.52368338,  0.66218968,  2.0336286 ],\n        [ 0.92763741, -0.76108308,  0.45799072, -0.40470153]],\n\n       [[-1.04243654, -0.35846992,  0.17626558, -0.3736113 ],\n        [ 0.09941122, -1.22436771, -0.89157805, -1.21127537],\n        [-0.80940328, -1.00884555, -0.54781836, -0.91999997],\n        [ 0.63887338,  0.76462921, -0.8431167 , -0.15799468],\n        [ 0.31926508, -1.57119265,  1.33808725, -0.40464091],\n        [-0.19927796, -0.00369045, -0.74042169, -0.28425354],\n        [ 0.1880086 , -0.15256546, -0.43028768,  0.2995431 ]],\n\n       [[ 0.010559  , -0.28418815,  0.6351871 , -0.15980465],\n        [-1.48878503,  0.56962186,  1.51356976, -0.91947793],\n        [ 1.417015  ,  0.43347008,  0.89819579, -0.39432443],\n        [-1.50713084,  1.89962028, -0.89115002, -0.86590446],\n        [-0.75427845,  0.03631964, -2.00992843,  0.58585339],\n        [ 0.27692437,  0.98294233, -0.90606528, -0.95473817],\n        [-0.14566278,  0.12151433,  0.5915058 , -0.75589934]],\n\n       [[-0.79932373,  1.13146061, -0.6519711 ,  0.86642564],\n        [-0.27059619, -0.7736777 ,  0.00726883,  0.541866  ],\n        [-1.20198218, -1.37054191, -0.78399187, -1.53053725],\n        [ 0.78535766, -0.17600868, -1.28534338, -1.52446094],\n        [-0.61459051, -2.00109654,  0.81079402,  0.75462706],\n        [ 1.25412948,  1.28321339,  1.02003891,  1.34659099],\n        [-1.16291342,  0.54809801,  0.41092312,  0.40514547]]])"
     },
     "execution_count": 38,
     "metadata": {},
     "output_type": "execute_result"
    }
   ],
   "source": [
    "arr_mul[:]  # 等价于arr_mul[:, :, :]"
   ],
   "metadata": {
    "collapsed": false,
    "pycharm": {
     "name": "#%%\n"
    }
   }
  },
  {
   "cell_type": "code",
   "execution_count": 39,
   "outputs": [
    {
     "data": {
      "text/plain": "array([[[-0.79787121, -1.22550046,  1.32132378, -0.06994837],\n        [ 1.23715659, -1.29930305, -1.02240395,  0.77835968],\n        [ 0.10237313, -0.00953213,  0.56100918, -0.26465962],\n        [ 0.4451162 , -0.83791557, -0.30005182, -0.44863193],\n        [-0.77488657,  0.96933936, -0.66894292,  1.50706651],\n        [-0.08954371,  0.65777487,  1.38247974, -0.05551375],\n        [-0.46659691,  0.11357909, -0.35726285,  0.68499498]],\n\n       [[-1.04243654, -0.35846992,  0.17626558, -0.3736113 ],\n        [ 0.09941122, -1.22436771, -0.89157805, -1.21127537],\n        [-0.80940328, -1.00884555, -0.54781836, -0.91999997],\n        [ 0.63887338,  0.76462921, -0.8431167 , -0.15799468],\n        [ 0.31926508, -1.57119265,  1.33808725, -0.40464091],\n        [-0.19927796, -0.00369045, -0.74042169, -0.28425354],\n        [ 0.1880086 , -0.15256546, -0.43028768,  0.2995431 ]],\n\n       [[-0.79932373,  1.13146061, -0.6519711 ,  0.86642564],\n        [-0.27059619, -0.7736777 ,  0.00726883,  0.541866  ],\n        [-1.20198218, -1.37054191, -0.78399187, -1.53053725],\n        [ 0.78535766, -0.17600868, -1.28534338, -1.52446094],\n        [-0.61459051, -2.00109654,  0.81079402,  0.75462706],\n        [ 1.25412948,  1.28321339,  1.02003891,  1.34659099],\n        [-1.16291342,  0.54809801,  0.41092312,  0.40514547]]])"
     },
     "execution_count": 39,
     "metadata": {},
     "output_type": "execute_result"
    }
   ],
   "source": [
    "arr_mul[::2]  # 第一个维度上切片步长为2,范围为整个维度;等价于arr_mul[::2, :, :]"
   ],
   "metadata": {
    "collapsed": false,
    "pycharm": {
     "name": "#%%\n"
    }
   }
  },
  {
   "cell_type": "code",
   "execution_count": 40,
   "outputs": [
    {
     "data": {
      "text/plain": "array([[[-0.79932373,  1.13146061, -0.6519711 ,  0.86642564],\n        [-0.27059619, -0.7736777 ,  0.00726883,  0.541866  ],\n        [-1.20198218, -1.37054191, -0.78399187, -1.53053725],\n        [ 0.78535766, -0.17600868, -1.28534338, -1.52446094],\n        [-0.61459051, -2.00109654,  0.81079402,  0.75462706],\n        [ 1.25412948,  1.28321339,  1.02003891,  1.34659099],\n        [-1.16291342,  0.54809801,  0.41092312,  0.40514547]],\n\n       [[ 0.010559  , -0.28418815,  0.6351871 , -0.15980465],\n        [-1.48878503,  0.56962186,  1.51356976, -0.91947793],\n        [ 1.417015  ,  0.43347008,  0.89819579, -0.39432443],\n        [-1.50713084,  1.89962028, -0.89115002, -0.86590446],\n        [-0.75427845,  0.03631964, -2.00992843,  0.58585339],\n        [ 0.27692437,  0.98294233, -0.90606528, -0.95473817],\n        [-0.14566278,  0.12151433,  0.5915058 , -0.75589934]],\n\n       [[-1.04243654, -0.35846992,  0.17626558, -0.3736113 ],\n        [ 0.09941122, -1.22436771, -0.89157805, -1.21127537],\n        [-0.80940328, -1.00884555, -0.54781836, -0.91999997],\n        [ 0.63887338,  0.76462921, -0.8431167 , -0.15799468],\n        [ 0.31926508, -1.57119265,  1.33808725, -0.40464091],\n        [-0.19927796, -0.00369045, -0.74042169, -0.28425354],\n        [ 0.1880086 , -0.15256546, -0.43028768,  0.2995431 ]],\n\n       [[-0.33985143,  0.77683387, -0.0096903 , -1.21962556],\n        [-0.38163813,  0.01426507, -0.90866111, -0.14158552],\n        [-2.14127764, -0.88177151, -0.7590023 ,  0.1010933 ],\n        [-0.15761354,  0.21028025, -1.20753647, -0.7934225 ],\n        [-0.63705889, -1.09199574, -1.5096076 ,  1.4479186 ],\n        [ 1.07620925, -0.52368338,  0.66218968,  2.0336286 ],\n        [ 0.92763741, -0.76108308,  0.45799072, -0.40470153]],\n\n       [[-0.79787121, -1.22550046,  1.32132378, -0.06994837],\n        [ 1.23715659, -1.29930305, -1.02240395,  0.77835968],\n        [ 0.10237313, -0.00953213,  0.56100918, -0.26465962],\n        [ 0.4451162 , -0.83791557, -0.30005182, -0.44863193],\n        [-0.77488657,  0.96933936, -0.66894292,  1.50706651],\n        [-0.08954371,  0.65777487,  1.38247974, -0.05551375],\n        [-0.46659691,  0.11357909, -0.35726285,  0.68499498]]])"
     },
     "execution_count": 40,
     "metadata": {},
     "output_type": "execute_result"
    }
   ],
   "source": [
    "arr_mul[::-1]  # 第一个维度数据倒序"
   ],
   "metadata": {
    "collapsed": false,
    "pycharm": {
     "name": "#%%\n"
    }
   }
  },
  {
   "cell_type": "code",
   "execution_count": 41,
   "outputs": [
    {
     "data": {
      "text/plain": "(12, 7, 8, 10, 9, 15, 14)"
     },
     "execution_count": 41,
     "metadata": {},
     "output_type": "execute_result"
    }
   ],
   "source": [
    "arr_complex = np.random.randn(12, 7, 8, 10, 9, 15, 14)\n",
    "arr_complex.shape"
   ],
   "metadata": {
    "collapsed": false,
    "pycharm": {
     "name": "#%%\n"
    }
   }
  },
  {
   "cell_type": "code",
   "execution_count": 42,
   "outputs": [
    {
     "name": "stdout",
     "output_type": "stream",
     "text": [
      "(4, 7, 8, 10, 9, 15, 14)\n",
      "(4, 7, 8, 10, 9, 15, 14)\n",
      "(4, 7, 8, 10, 9, 15, 14)\n"
     ]
    }
   ],
   "source": [
    "print(arr_complex[1:5].shape)\n",
    "print(arr_complex[1:5, :, :, :, :, :].shape)\n",
    "print(arr_complex[1:5, ...].shape)  # ...:剩余维度上所有数据"
   ],
   "metadata": {
    "collapsed": false,
    "pycharm": {
     "name": "#%%\n"
    }
   }
  },
  {
   "cell_type": "code",
   "execution_count": 43,
   "outputs": [
    {
     "name": "stdout",
     "output_type": "stream",
     "text": [
      "(12, 7, 8, 10, 9, 15, 2)\n",
      "(12, 7, 8, 10, 9, 15, 2)\n"
     ]
    }
   ],
   "source": [
    "print(arr_complex[:, :, :, :, :, :, 2:4].shape)\n",
    "print(arr_complex[..., 2:4].shape)"
   ],
   "metadata": {
    "collapsed": false,
    "pycharm": {
     "name": "#%%\n"
    }
   }
  },
  {
   "cell_type": "code",
   "execution_count": 44,
   "outputs": [
    {
     "name": "stdout",
     "output_type": "stream",
     "text": [
      "(5, 7, 8, 10, 9, 15)\n",
      "(5, 7, 8, 10, 9, 15)\n"
     ]
    }
   ],
   "source": [
    "print(arr_complex[2:7, :, :, :, :, :, 4].shape)\n",
    "print(arr_complex[2:7, ..., 4].shape)\n"
   ],
   "metadata": {
    "collapsed": false,
    "pycharm": {
     "name": "#%%\n"
    }
   }
  }
 ],
 "metadata": {
  "kernelspec": {
   "name": "python3",
   "language": "python",
   "display_name": "Python 3"
  },
  "language_info": {
   "codemirror_mode": {
    "name": "ipython",
    "version": 2
   },
   "file_extension": ".py",
   "mimetype": "text/x-python",
   "name": "python",
   "nbconvert_exporter": "python",
   "pygments_lexer": "ipython2",
   "version": "2.7.6"
  },
  "stem_cell": {
   "cell_type": "raw",
   "source": "",
   "metadata": {
    "pycharm": {
     "metadata": false
    }
   }
  }
 },
 "nbformat": 4,
 "nbformat_minor": 0
}